fileName,IntervalName,duration,start,end
Jia_Czech_Prague_G2_conv.TextGrid,11,0.3395957931359135,1495.2937890937965,1495.6333848869324
Jia_Czech_Prague_G2_conv.TextGrid,11,0.1769237772532506,1495.789795762475,1495.9667195397283
Jia_Czech_Prague_G2_conv.TextGrid,11,0.11538507212185323,1495.9667195397283,1496.0821046118501
Jia_Czech_Prague_G2_conv.TextGrid,11,0.11025684669402835,1496.0821046118501,1496.1923614585442
Jia_Czech_Prague_G2_conv.TextGrid,11,0.1974366789636406,1496.1923614585442,1496.3897981375078
Jia_Czech_Prague_G2_conv.TextGrid,11,0.2589753840954927,1496.3897981375078,1496.6487735216033
Jia_Czech_Prague_G2_conv.TextGrid,11,0.20256490439146546,1496.6487735216033,1496.8513384259948
Jia_Czech_Prague_G2_conv.TextGrid,11,0.15421776135622167,1496.8513384259948,1497.005556187351
Jia_Czech_Prague_G2_conv.TextGrid,11,0.14871853740123697,1497.005556187351,1497.1542747247522
Jia_Czech_Prague_G2_conv.TextGrid,11,0.1948725662500692,1497.1542747247522,1497.3491472910023
Jia_Czech_Prague_G2_conv.TextGrid,11,0.23589836967107658,1497.3491472910023,1497.5850456606734
Jia_Czech_Prague_G2_conv.TextGrid,11,0.14871853740123697,1497.5850456606734,1497.7337641980746
Jia_Czech_Prague_G2_conv.TextGrid,11,0.14871853740123697,1497.7337641980746,1497.8824827354758
Jia_Czech_Prague_G2_conv.TextGrid,11,0.12820563569084698,1497.8824827354758,1498.0106883711667
Jia_Czech_Prague_G2_conv.TextGrid,11,0.15641087554263322,1498.0106883711667,1498.1670992467093
Jia_Czech_Prague_G2_conv.TextGrid,11,0.17309660811361027,1498.1670992467093,1498.340195854823
Jia_Czech_Prague_G2_conv.TextGrid,11,0.1384620865458146,1498.340195854823,1498.4786579413687
Jia_Czech_Prague_G2_conv.TextGrid,11,0.13333386111844447,1498.4786579413687,1498.6119918024872
Jia_Czech_Prague_G2_conv.TextGrid,11,0.1615391009704581,1498.6119918024872,1498.7735309034576
Jia_Czech_Prague_G2_conv.TextGrid,11,0.12051329754922335,1498.7735309034576,1498.8940442010069
Jia_Czech_Prague_G2_conv.TextGrid,11,0.10000039583883336,1498.8940442010069,1498.9940445968457
Jia_Czech_Prague_G2_conv.TextGrid,11,0.15897498825665934,1498.9940445968457,1499.1530195851024
Jia_Czech_Prague_G2_conv.TextGrid,11,0.1179491848354246,1499.1530195851024,1499.2709687699378
Jia_Czech_Prague_G2_conv.TextGrid,11,0.14102619925984072,1499.2709687699378,1499.4119949691976
Jia_Czech_Prague_G2_conv.TextGrid,11,0.5118289268484659,1499.4119949691976,1499.923823896046
Jia_Czech_Prague_G2_conv.TextGrid,11,0.28843200857022566,1500.3447652316117,1500.633197240182
Jia_Czech_Prague_G2_conv.TextGrid,11,0.13076974840464572,1500.633197240182,1500.7639669885866
Jia_Czech_Prague_G2_conv.TextGrid,11,0.13589797383224322,1500.7639669885866,1500.8998649624189
Jia_Czech_Prague_G2_conv.TextGrid,11,0.10000039583883336,1500.8998649624189,1500.9998653582577
Jia_Czech_Prague_G2_conv.TextGrid,11,0.16153910097023072,1500.9998653582577,1501.161404459228
Jia_Czech_Prague_G2_conv.TextGrid,11,0.6030538741051714,1501.161404459228,1501.764458333333
Jia_Czech_Prague_G2_conv.TextGrid,11,0.1853632869424473,1501.9441122648732,1502.1294755518156
Jia_Czech_Prague_G2_conv.TextGrid,11,0.5451911148509225,1502.1294755518156,1502.6746666666666
Jia_Czech_Prague_G2_sing.TextGrid,11,0.3071011507063304,1307.5204933942655,1307.8275945449718
Jia_Czech_Prague_G2_sing.TextGrid,11,0.22428352144220298,1307.8275945449718,1308.051878066414
Jia_Czech_Prague_G2_sing.TextGrid,11,0.21026580135185213,1308.051878066414,1308.2621438677659
Jia_Czech_Prague_G2_sing.TextGrid,11,0.19274365123942516,1308.2621438677659,1308.4548875190053
Jia_Czech_Prague_G2_sing.TextGrid,11,0.1647082110591782,1308.4548875190053,1308.6195957300645
Jia_Czech_Prague_G2_sing.TextGrid,11,0.19975251128425953,1308.6195957300645,1308.8193482413487
Jia_Czech_Prague_G2_sing.TextGrid,11,0.20325694130701777,1308.8193482413487,1309.0226051826558
Jia_Czech_Prague_G2_sing.TextGrid,11,0.22428352144220298,1309.0226051826558,1309.246888704098
Jia_Czech_Prague_G2_sing.TextGrid,11,0.1576993510138891,1309.246888704098,1309.4045880551118
Jia_Czech_Prague_G2_sing.TextGrid,11,0.1997525112844869,1309.4045880551118,1309.6043405663963
Jia_Czech_Prague_G2_sing.TextGrid,11,0.1366727708787039,1309.6043405663963,1309.741013337275
Jia_Czech_Prague_G2_sing.TextGrid,11,0.1892392212168943,1309.741013337275,1309.930252558492
Jia_Czech_Prague_G2_sing.TextGrid,11,0.24408365155636602,1309.930252558492,1310.1743362100483
Jia_Czech_Prague_G2_sing.TextGrid,11,0.18923922121666692,1310.1743362100483,1310.363575431265
Jia_Czech_Prague_G2_sing.TextGrid,11,0.12966391083386952,1310.363575431265,1310.4932393420988
Jia_Czech_Prague_G2_sing.TextGrid,11,0.28385883182522775,1310.4932393420988,1310.777098173924
Jia_Czech_Prague_G2_sing.TextGrid,11,0.6240476594091433,1310.777098173924,1311.4011458333332
Jia_Czech_Prague_G2_sing.TextGrid,11,0.5873551496540586,1355.214875,1355.802230149654
Jia_Czech_Prague_G2_sing.TextGrid,11,0.17171707110423995,1355.802230149654,1355.9739472207582
Jia_Czech_Prague_G2_sing.TextGrid,11,0.23129238148726472,1355.9739472207582,1356.2052396022455
Jia_Czech_Prague_G2_sing.TextGrid,11,0.22778795146450648,1356.2052396022455,1356.43302755371
Jia_Czech_Prague_G2_sing.TextGrid,11,0.24180567155485733,1356.43302755371,1356.6748332252648
Jia_Czech_Prague_G2_sing.TextGrid,11,0.22810930811783692,1356.6748332252648,1356.9029425333827
Jia_Czech_Prague_G2_sing.TextGrid,11,0.23830124153209908,1356.9029425333827,1357.1412437749148
Jia_Czech_Prague_G2_sing.TextGrid,11,0.4766024830646529,1357.1412437749148,1357.6178462579794
Jia_Czech_Prague_G2_sing.TextGrid,11,0.3434341422082525,1357.6178462579794,1357.9612804001877
Jia_Czech_Prague_G2_sing.TextGrid,11,0.19624808126195603,1357.9612804001877,1358.1575284814496
Jia_Czech_Prague_G2_sing.TextGrid,11,0.19624808126195603,1358.1575284814496,1358.3537765627116
Jia_Czech_Prague_G2_sing.TextGrid,11,0.18923922121666692,1358.3537765627116,1358.5430157839282
Jia_Czech_Prague_G2_sing.TextGrid,11,0.2207790914196721,1358.5430157839282,1358.763794875348
Jia_Czech_Prague_G2_sing.TextGrid,11,0.32941642211812905,1358.763794875348,1359.093211297466
Jia_Czech_Prague_G2_sing.TextGrid,11,0.5844918626762592,1359.093211297466,1359.6777031601423
Stepankova_Czech_Prague_G2_conv.TextGrid,11,0.48586263607558067,1495.2937890937965,1495.779651729872
Stepankova_Czech_Prague_G2_conv.TextGrid,11,0.24711978903860654,1495.779651729872,1496.0267715189107
Stepankova_Czech_Prague_G2_conv.TextGrid,11,0.062827065009742,1496.0267715189107,1496.0895985839204
Stepankova_Czech_Prague_G2_conv.TextGrid,11,0.09005212651391048,1496.0895985839204,1496.1796507104343
Stepankova_Czech_Prague_G2_conv.TextGrid,11,0.23818067382876507,1496.1796507104343,1496.417831384263
Stepankova_Czech_Prague_G2_conv.TextGrid,11,0.2037030167400644,1496.417831384263,1496.6215344010031
Stepankova_Czech_Prague_G2_conv.TextGrid,11,0.13612530752129715,1496.6215344010031,1496.7576597085244
Stepankova_Czech_Prague_G2_conv.TextGrid,11,0.28314194173321994,1496.7576597085244,1497.0408016502577
Stepankova_Czech_Prague_G2_conv.TextGrid,11,0.20523507903203608,1497.0408016502577,1497.2460367292897
Stepankova_Czech_Prague_G2_conv.TextGrid,11,0.1738215465270514,1497.2460367292897,1497.4198582758168
Stepankova_Czech_Prague_G2_conv.TextGrid,11,0.17848709837358,1497.4198582758168,1497.5983453741903
Stepankova_Czech_Prague_G2_conv.TextGrid,11,0.13564822667535736,1497.5983453741903,1497.7339936008657
Stepankova_Czech_Prague_G2_conv.TextGrid,11,0.14031377852188598,1497.7339936008657,1497.8743073793876
Stepankova_Czech_Prague_G2_conv.TextGrid,11,0.13821954302147788,1497.8743073793876,1498.012526922409
Stepankova_Czech_Prague_G2_conv.TextGrid,11,0.15497342702406058,1498.012526922409,1498.167500349433
Stepankova_Czech_Prague_G2_conv.TextGrid,11,0.17843103358359258,1498.167500349433,1498.3459313830167
Stepankova_Czech_Prague_G2_conv.TextGrid,11,0.12355989451930327,1498.3459313830167,1498.469491277536
Stepankova_Czech_Prague_G2_conv.TextGrid,11,0.08167518451273281,1498.469491277536,1498.5511664620487
Stepankova_Czech_Prague_G2_conv.TextGrid,11,0.19306449169766893,1498.5511664620487,1498.7442309537464
Stepankova_Czech_Prague_G2_conv.TextGrid,11,0.1441074238548481,1498.7442309537464,1498.8883383776013
Stepankova_Czech_Prague_G2_conv.TextGrid,11,0.09005212651391048,1498.8883383776013,1498.9783905041152
Stepankova_Czech_Prague_G2_conv.TextGrid,11,0.11727718801830633,1498.9783905041152,1499.0956676921335
Stepankova_Czech_Prague_G2_conv.TextGrid,11,0.08167518451273281,1499.0956676921335,1499.1773428766462
Stepankova_Czech_Prague_G2_conv.TextGrid,11,0.2219889630346188,1499.1773428766462,1499.3993318396808
Stepankova_Czech_Prague_G2_conv.TextGrid,11,0.5244920563652613,1499.3993318396808,1499.923823896046
Stepankova_Czech_Prague_G2_conv.TextGrid,11,0.26177943754078115,1500.3447652316117,1500.6065446691525
Stepankova_Czech_Prague_G2_conv.TextGrid,11,0.09633483301490742,1500.6065446691525,1500.7028795021674
Stepankova_Czech_Prague_G2_conv.TextGrid,11,0.1604678763017091,1500.7028795021674,1500.8633473784691
Stepankova_Czech_Prague_G2_conv.TextGrid,11,0.14947897774663943,1500.8633473784691,1501.0128263562158
Stepankova_Czech_Prague_G2_conv.TextGrid,11,0.1424080140220667,1501.0128263562158,1501.1552343702378
Stepankova_Czech_Prague_G2_conv.TextGrid,11,0.6092239630952463,1501.1552343702378,1501.764458333333
Stepankova_Czech_Prague_G2_conv.TextGrid,11,0.17172731102687067,1501.9441122648732,1502.1158395759
Stepankova_Czech_Prague_G2_conv.TextGrid,11,0.5588270907664992,1502.1158395759,1502.6746666666666
Stepankova_Czech_Prague_G2_conv.TextGrid,12,0.08217810973428641,1509.6091420363152,1509.6913201460495
Stepankova_Czech_Prague_G2_conv.TextGrid,12,0.28853647417827233,1509.6913201460495,1509.9798566202278
Stepankova_Czech_Prague_G2_conv.TextGrid,12,0.16983476011773746,1509.9798566202278,1510.1496913803455
Stepankova_Czech_Prague_G2_conv.TextGrid,12,0.17896566119929957,1510.1496913803455,1510.3286570415448
Stepankova_Czech_Prague_G2_conv.TextGrid,12,0.5220079965188233,1510.3286570415448,1510.8506650380637
Stepankova_Czech_Prague_G2_conv.TextGrid,12,0.08491738005864136,1510.8506650380637,1510.9355824181223
Stepankova_Czech_Prague_G2_conv.TextGrid,12,0.14061587665651132,1510.9355824181223,1511.0761982947788
Stepankova_Czech_Prague_G2_conv.TextGrid,12,0.10865772287093023,1511.0761982947788,1511.1848560176497
Stepankova_Czech_Prague_G2_conv.TextGrid,12,0.1711577836244942,1511.1848560176497,1511.3560138012742
Stepankova_Czech_Prague_G2_conv.TextGrid,12,0.16800857990119766,1511.3560138012742,1511.5240223811754
Stepankova_Czech_Prague_G2_conv.TextGrid,12,0.3718139960581084,1511.5240223811754,1511.8958363772335
Stepankova_Czech_Prague_G2_conv.TextGrid,12,0.13696351622388647,1511.8958363772335,1512.0327998934574
Stepankova_Czech_Prague_G2_conv.TextGrid,12,0.08309119984232893,1512.0327998934574,1512.1158910932998
Stepankova_Czech_Prague_G2_conv.TextGrid,12,0.12893202728764663,1512.1158910932998,1512.2448231205874
Stepankova_Czech_Prague_G2_conv.TextGrid,12,0.2127499952011931,1512.2448231205874,1512.4575731157886
Stepankova_Czech_Prague_G2_conv.TextGrid,12,0.27575321266408537,1512.4575731157886,1512.7333263284527
Stepankova_Czech_Prague_G2_conv.TextGrid,12,0.1261173936702562,1512.7333263284527,1512.859443722123
Stepankova_Czech_Prague_G2_conv.TextGrid,12,0.027205226596151988,1512.859443722123,1512.886648948719
Stepankova_Czech_Prague_G2_conv.TextGrid,12,0.17733777336820822,1512.886648948719,1513.0639867220873
Stepankova_Czech_Prague_G2_conv.TextGrid,13,0.2082272264885887,1515.1782899170687,1515.3865171435573
Stepankova_Czech_Prague_G2_conv.TextGrid,13,0.15290070861078675,1515.3865171435573,1515.539417852168
Stepankova_Czech_Prague_G2_conv.TextGrid,13,0.19397851092412566,1515.539417852168,1515.7333963630922
Stepankova_Czech_Prague_G2_conv.TextGrid,13,0.08900190501231009,1515.7333963630922,1515.8223982681045
Stepankova_Czech_Prague_G2_conv.TextGrid,13,0.20538901156669453,1515.8223982681045,1516.0277872796712
Stepankova_Czech_Prague_G2_conv.TextGrid,13,0.2282100128518323,1516.0277872796712,1516.255997292523
Stepankova_Czech_Prague_G2_conv.TextGrid,13,0.14605440822515448,1516.255997292523,1516.4020517007482
Stepankova_Czech_Prague_G2_conv.TextGrid,13,0.09813030552641067,1516.4020517007482,1516.5001820062746
Stepankova_Czech_Prague_G2_conv.TextGrid,13,0.14605440822515448,1516.5001820062746,1516.6462364144998
Stepankova_Czech_Prague_G2_conv.TextGrid,13,0.10041240565487897,1516.6462364144998,1516.7466488201546
Stepankova_Czech_Prague_G2_conv.TextGrid,13,0.17936783565278347,1516.7466488201546,1516.9260166558074
Stepankova_Czech_Prague_G2_conv.TextGrid,13,0.15967609114886727,1516.9260166558074,1517.0856927469563
Stepankova_Czech_Prague_G2_conv.TextGrid,13,0.10757126140561013,1517.0856927469563,1517.193264008362
Stepankova_Czech_Prague_G2_conv.TextGrid,13,0.25043934296013504,1517.193264008362,1517.443703351322
Stepankova_Czech_Prague_G2_conv.TextGrid,13,0.09076325181104039,1517.443703351322,1517.534466603133
Stepankova_Czech_Prague_G2_conv.TextGrid,13,0.23026973144646945,1517.534466603133,1517.7647363345795
Stepankova_Czech_Prague_G2_conv.TextGrid,13,0.16976089690570006,1517.7647363345795,1517.9344972314852
Stepankova_Czech_Prague_G2_conv.TextGrid,13,0.2768466370123406,1517.9344972314852,1518.2113438684976
Stepankova_Czech_Prague_G2_conv.TextGrid,13,0.19497291129755467,1518.2113438684976,1518.4063167797951
Stepankova_Czech_Prague_G2_conv.TextGrid,13,0.13446407675701266,1518.4063167797951,1518.5407808565521
Stepankova_Czech_Prague_G2_conv.TextGrid,13,0.14454888251384546,1518.5407808565521,1518.685329739066
Stepankova_Czech_Prague_G2_conv.TextGrid,13,0.12774087291927572,1518.685329739066,1518.8130706119853
Stepankova_Czech_Prague_G2_conv.TextGrid,13,0.10757126140561013,1518.8130706119853,1518.9206418733909
Stepankova_Czech_Prague_G2_conv.TextGrid,13,0.053785630702805065,1518.9206418733909,1518.9744275040937
Stepankova_Czech_Prague_G2_conv.TextGrid,13,0.10925206236515805,1518.9744275040937,1519.0836795664588
Stepankova_Czech_Prague_G2_conv.TextGrid,13,0.1260600719597278,1519.0836795664588,1519.2097396384186
Stepankova_Czech_Prague_G2_conv.TextGrid,13,0.10708613483961926,1519.2097396384186,1519.3168257732582
Stepankova_Czech_Prague_G2_conv.TextGrid,13,0.12942167387859627,1519.3168257732582,1519.4462474471368
Stepankova_Czech_Prague_G2_conv.TextGrid,13,0.1966537122571026,1519.4462474471368,1519.642901159394
Stepankova_Czech_Prague_G2_conv.TextGrid,13,0.18656890650049718,1519.642901159394,1519.8294700658944
Stepankova_Czech_Prague_G2_conv.TextGrid,13,0.5902607595489826,1519.8294700658944,1520.4197308254434
Stepankova_Czech_Prague_G2_conv.TextGrid,14,0.1786107798577632,1524.0732139355218,1524.2518247153796
Stepankova_Czech_Prague_G2_conv.TextGrid,14,0.08275911902751432,1524.2518247153796,1524.334583834407
Stepankova_Czech_Prague_G2_conv.TextGrid,14,0.13474438431376257,1524.334583834407,1524.4693282187209
Stepankova_Czech_Prague_G2_conv.TextGrid,14,0.13281946453776072,1524.4693282187209,1524.6021476832586
Stepankova_Czech_Prague_G2_conv.TextGrid,14,0.535127697703274,1524.6021476832586,1525.137275380962
Stepankova_Czech_Prague_G2_conv.TextGrid,14,0.2396417836218916,1525.137275380962,1525.3769171645838
Stepankova_Czech_Prague_G2_conv.TextGrid,14,0.059216175342726274,1525.3769171645838,1525.4361333399265
Stepankova_Czech_Prague_G2_conv.TextGrid,14,0.07221484797901212,1525.4361333399265,1525.5083481879055
Stepankova_Czech_Prague_G2_conv.TextGrid,14,0.16753844731124445,1525.5083481879055,1525.6758866352168
Stepankova_Czech_Prague_G2_conv.TextGrid,14,0.10254508413026997,1525.6758866352168,1525.778431719347
Stepankova_Czech_Prague_G2_conv.TextGrid,14,0.19786868346227493,1525.778431719347,1525.9763004028093
Stepankova_Czech_Prague_G2_conv.TextGrid,14,0.10832227196851818,1525.9763004028093,1526.0846226747778
Stepankova_Czech_Prague_G2_conv.TextGrid,14,0.16464985339212035,1526.0846226747778,1526.24927252817
Stepankova_Czech_Prague_G2_conv.TextGrid,14,0.2653398005134022,1526.24927252817,1526.5146123286834
Stepankova_Czech_Prague_G2_conv.TextGrid,14,0.2961070643430048,1526.5146123286834,1526.8107193930264
Stepankova_Czech_Prague_G2_conv.TextGrid,14,0.5462469989395231,1526.8107193930264,1527.356966391966
Stepankova_Czech_Prague_G2_conv.TextGrid,14,0.2488808783073182,1527.356966391966,1527.6058472702732
Stepankova_Czech_Prague_G2_conv.TextGrid,14,0.284606486372013,1527.6058472702732,1527.8904537566452
Stepankova_Czech_Prague_G2_conv.TextGrid,14,0.2075255629795265,1527.8904537566452,1528.0979793196248
Stepankova_Czech_Prague_G2_conv.TextGrid,14,0.1106803002558081,1528.0979793196248,1528.2086596198806
Stepankova_Czech_Prague_G2_conv.TextGrid,14,0.1257055066294015,1528.2086596198806,1528.33436512651
Stepankova_Czech_Prague_G2_conv.TextGrid,14,0.12567243322337163,1528.33436512651,1528.4600375597333
Stepankova_Czech_Prague_G2_conv.TextGrid,14,0.1330649292954149,1528.4600375597333,1528.5931024890288
Stepankova_Czech_Prague_G2_conv.TextGrid,14,0.27352235466264574,1528.5931024890288,1528.8666248436914
Stepankova_Czech_Prague_G2_conv.TextGrid,14,0.12977977533569174,1528.8666248436914,1528.996404619027
Stepankova_Czech_Prague_G2_conv.TextGrid,14,0.2661298585908298,1528.996404619027,1529.262534477618
Stepankova_Czech_Prague_G2_conv.TextGrid,14,0.0640891329412625,1529.262534477618,1529.3266236105592
Stepankova_Czech_Prague_G2_conv.TextGrid,14,0.10006791920045544,1529.3266236105592,1529.4266915297596
Stepankova_Czech_Prague_G2_conv.TextGrid,14,0.21340451277046668,1529.4266915297596,1529.64009604253
Stepankova_Czech_Prague_G2_conv.TextGrid,14,0.05408105344918113,1529.64009604253,1529.6941770959793
Stepankova_Czech_Prague_G2_conv.TextGrid,14,0.15616582230313725,1529.6941770959793,1529.8503429182824
Stepankova_Czech_Prague_G2_conv.TextGrid,15,0.25455514385339484,1533.6154903584104,1533.8700455022638
Stepankova_Czech_Prague_G2_conv.TextGrid,15,0.10462059899305132,1533.8700455022638,1533.9746661012568
Stepankova_Czech_Prague_G2_conv.TextGrid,15,0.15502176347195018,1533.9746661012568,1534.1296878647288
Stepankova_Czech_Prague_G2_conv.TextGrid,15,0.08512574092628711,1534.1296878647288,1534.214813605655
Stepankova_Czech_Prague_G2_conv.TextGrid,15,0.10538425300046583,1534.214813605655,1534.3201978586555
Stepankova_Czech_Prague_G2_conv.TextGrid,15,0.07789270873945497,1534.3201978586555,1534.398090567395
Stepankova_Czech_Prague_G2_conv.TextGrid,15,0.056510396536623375,1534.398090567395,1534.4546009639316
Stepankova_Czech_Prague_G2_conv.TextGrid,15,0.18480426975452247,1534.4546009639316,1534.6394052336861
Stepankova_Czech_Prague_G2_conv.TextGrid,15,0.1542581094643083,1534.6394052336861,1534.7936633431505
Stepankova_Czech_Prague_G2_conv.TextGrid,15,0.09616258922869747,1534.7936633431505,1534.8898259323792
Stepankova_Czech_Prague_G2_conv.TextGrid,15,0.1305848352396879,1534.8898259323792,1535.0204107676188
Stepankova_Czech_Prague_G2_conv.TextGrid,15,0.19549542585605195,1535.0204107676188,1535.215906193475
Stepankova_Czech_Prague_G2_conv.TextGrid,15,0.4383374001613447,1535.215906193475,1535.6542435936362
Stepankova_Czech_Prague_G2_conv.TextGrid,15,0.16088587982335412,1535.6542435936362,1535.8151294734596
Stepankova_Czech_Prague_G2_conv.TextGrid,15,0.07178347668150309,1535.8151294734596,1535.886912950141
Stepankova_Czech_Prague_G2_conv.TextGrid,15,0.07789270873945497,1535.886912950141,1535.9648056588806
Stepankova_Czech_Prague_G2_conv.TextGrid,15,0.07789270873968235,1535.9648056588806,1536.0426983676202
Stepankova_Czech_Prague_G2_conv.TextGrid,15,0.21076850600093167,1536.0426983676202,1536.2534668736212
Stepankova_Czech_Prague_G2_conv.TextGrid,15,0.15248568574361343,1536.2534668736212,1536.4059525593648
Stepankova_Czech_Prague_G2_conv.TextGrid,15,0.12982118123250075,1536.4059525593648,1536.5357737405973
Stepankova_Czech_Prague_G2_conv.TextGrid,15,0.4169550879585131,1536.5357737405973,1536.9527288285558
Stepankova_Czech_Prague_G2_conv.TextGrid,15,0.09064416507749229,1536.9527288285558,1537.0433729936333
Stepankova_Czech_Prague_G2_conv.TextGrid,15,0.2856065987114107,1537.0433729936333,1537.3289795923447
Stepankova_Czech_Prague_G2_conv.TextGrid,15,0.41763692269000785,1537.3289795923447,1537.7466165150347
Stepankova_Czech_Prague_G2_conv.TextGrid,15,0.1183192735695684,1537.7466165150347,1537.8649357886043
Stepankova_Czech_Prague_G2_conv.TextGrid,15,0.08585026361333803,1537.8649357886043,1537.9507860522176
Stepankova_Czech_Prague_G2_conv.TextGrid,15,0.08915219682899078,1537.9507860522176,1538.0399382490466
Stepankova_Czech_Prague_G2_conv.TextGrid,15,0.11924854706126098,1538.0399382490466,1538.1591867961079
Stepankova_Czech_Prague_G2_conv.TextGrid,15,0.18317215503384432,1538.1591867961079,1538.3423589511417
Stepankova_Czech_Prague_G2_conv.TextGrid,15,0.15105755642412078,1538.3423589511417,1538.4934165075658
Stepankova_Czech_Prague_G2_conv.TextGrid,16,0.21956421643039903,1542.6679252413733,1542.8874894578037
Stepankova_Czech_Prague_G2_conv.TextGrid,16,0.11547451382625695,1542.8874894578037,1543.00296397163
Stepankova_Czech_Prague_G2_conv.TextGrid,16,0.08375968256405031,1543.00296397163,1543.086723654194
Stepankova_Czech_Prague_G2_conv.TextGrid,16,0.23557637748763227,1543.086723654194,1543.3223000316816
Stepankova_Czech_Prague_G2_conv.TextGrid,16,0.2317622284542722,1543.3223000316816,1543.5540622601359
Stepankova_Czech_Prague_G2_conv.TextGrid,16,0.10002369859603277,1543.5540622601359,1543.654085958732
Stepankova_Czech_Prague_G2_conv.TextGrid,16,0.38220437674885943,1543.654085958732,1544.0362903354808
Stepankova_Czech_Prague_G2_conv.TextGrid,16,0.21266785396005616,1544.0362903354808,1544.2489581894408
Stepankova_Czech_Prague_G2_conv.TextGrid,16,0.08506598265989851,1544.2489581894408,1544.3340241721007
Stepankova_Czech_Prague_G2_conv.TextGrid,16,0.10841742888032968,1544.3340241721007,1544.442441600981
Stepankova_Czech_Prague_G2_conv.TextGrid,16,0.10774134871235219,1544.442441600981,1544.5501829496934
Stepankova_Czech_Prague_G2_conv.TextGrid,16,0.23758065317929322,1544.5501829496934,1544.7877636028727
Stepankova_Czech_Prague_G2_conv.TextGrid,16,0.19933576211428772,1544.7877636028727,1544.987099364987
Stepankova_Czech_Prague_G2_conv.TextGrid,17,0.3025911790311966,1547.559174867418,1547.8617660464492
Stepankova_Czech_Prague_G2_conv.TextGrid,17,0.23042718096530734,1547.8617660464492,1548.0921932274146
Stepankova_Czech_Prague_G2_conv.TextGrid,17,0.15624155854288801,1548.0921932274146,1548.2484347859574
Stepankova_Czech_Prague_G2_conv.TextGrid,17,0.16582492415818706,1548.2484347859574,1548.4142597101156
Stepankova_Czech_Prague_G2_conv.TextGrid,17,0.51905760015552,1548.4142597101156,1548.9333173102711
Stepankova_Czech_Prague_G2_conv.TextGrid,17,0.26331252466957267,1548.9333173102711,1549.1966298349407
Stepankova_Czech_Prague_G2_conv.TextGrid,17,0.15422590730645425,1549.1966298349407,1549.3508557422472
Stepankova_Czech_Prague_G2_conv.TextGrid,17,0.09153244905178326,1549.3508557422472,1549.442388191299
Stepankova_Czech_Prague_G2_conv.TextGrid,17,0.12413304734423036,1549.442388191299,1549.5665212386432
Stepankova_Czech_Prague_G2_conv.TextGrid,17,0.17389967861936384,1549.5665212386432,1549.7404209172626
Stepankova_Czech_Prague_G2_conv.TextGrid,17,0.8237920414660493,1549.7404209172626,1550.5642129587286
Stepankova_Czech_Prague_G2_conv.TextGrid,17,0.3801482896278685,1550.5642129587286,1550.9443612483565
Stepankova_Czech_Prague_G2_conv.TextGrid,17,0.5880646384287047,1550.9443612483565,1551.5324258867852
Stepankova_Czech_Prague_G2_conv.TextGrid,17,0.731538389708021,1551.5324258867852,1552.2639642764932
Stepankova_Czech_Prague_G2_conv.TextGrid,17,0.2018729355800133,1552.2639642764932,1552.4658372120732
Stepankova_Czech_Prague_G2_conv.TextGrid,17,0.20688841224023236,1552.4658372120732,1552.6727256243134
Stepankova_Czech_Prague_G2_conv.TextGrid,17,0.2482122271890148,1552.6727256243134,1552.9209378515025
Stepankova_Czech_Prague_G2_conv.TextGrid,17,0.2344735338724604,1552.9209378515025,1553.155411385375
Stepankova_Czech_Prague_G2_conv.TextGrid,17,0.12162530901400714,1553.155411385375,1553.277036694389
Stepankova_Czech_Prague_G2_conv.TextGrid,17,0.24826609468846073,1553.277036694389,1553.5253027890774
Stepankova_Czech_Prague_G2_conv.TextGrid,17,0.12998792431699258,1553.5253027890774,1553.6552907133944
Stepankova_Czech_Prague_G2_conv.TextGrid,17,0.2031268047451249,1553.6552907133944,1553.8584175181395
Stepankova_Czech_Prague_G2_conv.TextGrid,17,0.08150149573111776,1553.8584175181395,1553.9399190138706
Stepankova_Czech_Prague_G2_conv.TextGrid,17,0.2545354405137914,1553.9399190138706,1554.1944544543844
Stepankova_Czech_Prague_G2_conv.TextGrid,17,0.2545354405140188,1554.1944544543844,1554.4489898948984
Stepankova_Czech_Prague_G2_conv.TextGrid,17,0.1492104306460078,1554.4489898948984,1554.5982003255444
Stepankova_Czech_Prague_G2_conv.TextGrid,17,0.05767798159422455,1554.5982003255444,1554.6558783071387
Stepankova_Czech_Prague_G2_conv.TextGrid,17,0.07899375740089454,1554.6558783071387,1554.7348720645396
Stepankova_Czech_Prague_G2_conv.TextGrid,17,0.17986289081682116,1554.7348720645396,1554.9147349553564
Stepankova_Czech_Prague_G2_conv.TextGrid,17,0.2269503188820181,1554.9147349553564,1555.1416852742384
Stepankova_Czech_Prague_G2_conv.TextGrid,18,0.18457617462581766,1561.6677634353546,1561.8523396099804
Stepankova_Czech_Prague_G2_conv.TextGrid,18,0.2750654019596368,1561.8523396099804,1562.12740501194
Stepankova_Czech_Prague_G2_conv.TextGrid,18,0.1452592572145477,1562.12740501194,1562.2726642691546
Stepankova_Czech_Prague_G2_conv.TextGrid,18,0.1746201709070192,1562.2726642691546,1562.4472844400616
Stepankova_Czech_Prague_G2_conv.TextGrid,18,0.5640386051418318,1562.4472844400616,1563.0113230452034
Stepankova_Czech_Prague_G2_conv.TextGrid,18,0.19007328337670515,1563.0113230452034,1563.2013963285801
Stepankova_Czech_Prague_G2_conv.TextGrid,18,0.07792233991949615,1563.2013963285801,1563.2793186684996
Stepankova_Czech_Prague_G2_conv.TextGrid,18,0.15916705843733325,1563.2793186684996,1563.438485726937
Stepankova_Czech_Prague_G2_conv.TextGrid,18,0.4883183540405298,1563.438485726937,1563.9268040809775
Stepankova_Czech_Prague_G2_conv.TextGrid,18,0.17616548215391958,1563.9268040809775,1564.1029695631314
Stepankova_Czech_Prague_G2_conv.TextGrid,18,0.12826083349796136,1564.1029695631314,1564.2312303966294
Stepankova_Czech_Prague_G2_conv.TextGrid,18,0.22716075330390595,1564.2312303966294,1564.4583911499333
Stepankova_Czech_Prague_G2_conv.TextGrid,18,0.21479826332802077,1564.4583911499333,1564.6731894132613
Stepankova_Czech_Prague_G2_conv.TextGrid,18,0.13822287548941858,1564.6731894132613,1564.8114122887507
Stepankova_Czech_Prague_G2_conv.TextGrid,18,0.16534830342516216,1564.8114122887507,1564.9767605921759
Stepankova_Czech_Prague_G2_conv.TextGrid,18,0.20707170709329148,1564.9767605921759,1565.1838322992692
Stepankova_Czech_Prague_G2_conv.TextGrid,18,0.11126240978137503,1565.1838322992692,1565.2950947090505
Stepankova_Czech_Prague_G2_conv.TextGrid,18,0.262702911983979,1565.2950947090505,1565.5577976210345
Stepankova_Czech_Prague_G2_conv.TextGrid,18,0.30085863612112007,1565.5577976210345,1565.8586562571556
Stepankova_Czech_Prague_G2_conv.TextGrid,18,0.10044523105284497,1565.8586562571556,1565.9591014882085
Stepankova_Czech_Prague_G2_conv.TextGrid,18,0.30442631565188094,1565.9591014882085,1566.2635278038604
Stepankova_Czech_Prague_G2_conv.TextGrid,18,0.15607643594330511,1566.2635278038604,1566.4196042398037
Stepankova_Czech_Prague_G2_conv.TextGrid,18,0.17152954841299106,1566.4196042398037,1566.5911337882167
Stepankova_Czech_Prague_G2_conv.TextGrid,18,0.23519940434789532,1566.5911337882167,1566.8263331925646
Stepankova_Czech_Prague_G2_conv.TextGrid,18,0.2503404220083212,1566.8263331925646,1567.0766736145729
Stepankova_Czech_Prague_G2_conv.TextGrid,18,0.4388683941376712,1567.0766736145729,1567.5155420087106
Stepankova_Czech_Prague_G2_conv.TextGrid,18,0.1900176209589972,1567.5155420087106,1567.7055596296696
Stepankova_Czech_Prague_G2_conv.TextGrid,18,0.06893889559114541,1567.7055596296696,1567.7744985252607
Stepankova_Czech_Prague_G2_conv.TextGrid,18,0.19274752440765042,1567.7744985252607,1567.9672460496683
Stepankova_Czech_Prague_G2_conv.TextGrid,18,0.06190431440836619,1567.9672460496683,1568.0291503640767
Stepankova_Czech_Prague_G2_conv.TextGrid,18,0.14069162365535703,1568.0291503640767,1568.169841987732
Stepankova_Czech_Prague_G2_conv.TextGrid,18,0.29685932591269193,1568.169841987732,1568.4667013136448
Stepankova_Czech_Prague_G2_conv.TextGrid,18,0.15926439398072034,1568.4667013136448,1568.6259657076255
Stepankova_Czech_Prague_G2_conv.TextGrid,18,0.21385126795598808,1568.6259657076255,1568.8398169755815
Stepankova_Czech_Prague_G2_conv.TextGrid,18,0.16882994838624654,1568.8398169755815,1569.0086469239677
Stepankova_Czech_Prague_G2_conv.TextGrid,18,0.2236996816118335,1569.0086469239677,1569.2323466055796
Stepankova_Czech_Prague_G2_conv.TextGrid,18,0.3254658944201765,1569.2323466055796,1569.5578124999997
Stepankova_Czech_Prague_G2_conv.TextGrid,19,0.19461320532354875,1574.589265202038,1574.7838784073615
Stepankova_Czech_Prague_G2_conv.TextGrid,19,0.09073138419103088,1574.7838784073615,1574.8746097915525
Stepankova_Czech_Prague_G2_conv.TextGrid,19,0.10843644095757554,1574.8746097915525,1574.98304623251
Stepankova_Czech_Prague_G2_conv.TextGrid,19,0.10140815311751794,1574.98304623251,1575.0844543856276
Stepankova_Czech_Prague_G2_conv.TextGrid,19,0.16765042028305288,1575.0844543856276,1575.2521048059107
Stepankova_Czech_Prague_G2_conv.TextGrid,19,0.0662667139183668,1575.2521048059107,1575.318371519829
Stepankova_Czech_Prague_G2_conv.TextGrid,19,0.21034661463500015,1575.318371519829,1575.528718134464
Stepankova_Czech_Prague_G2_conv.TextGrid,19,0.06560863360527946,1575.528718134464,1575.5943267680693
Stepankova_Czech_Prague_G2_conv.TextGrid,19,0.1581364763962938,1575.5943267680693,1575.7524632444656
Stepankova_Czech_Prague_G2_conv.TextGrid,19,0.15010414743642286,1575.7524632444656,1575.902567391902
Stepankova_Czech_Prague_G2_conv.TextGrid,19,0.1902657922353228,1575.902567391902,1576.0928331841374
Stepankova_Czech_Prague_G2_conv.TextGrid,19,0.18345999703683447,1576.0928331841374,1576.2762931811742
Stepankova_Czech_Prague_G2_conv.TextGrid,19,0.07580510455818512,1576.2762931811742,1576.3520982857324
Stepankova_Czech_Prague_G2_conv.TextGrid,19,0.18535275900762826,1576.3520982857324,1576.53745104474
Stepankova_Czech_Prague_G2_conv.TextGrid,19,0.11847685215730053,1576.53745104474,1576.6559278968973
Stepankova_Czech_Prague_G2_conv.TextGrid,19,0.10953950655243716,1576.6559278968973,1576.7654674034497
Stepankova_Czech_Prague_G2_conv.TextGrid,19,0.09086572135788629,1576.7654674034497,1576.8563331248076
Stepankova_Czech_Prague_G2_conv.TextGrid,19,0.12262437625008715,1576.8563331248076,1576.9789575010577
Stepankova_Czech_Prague_G2_conv.TextGrid,19,0.09374538801353083,1576.9789575010577,1577.0727028890713
Stepankova_Czech_Prague_G2_conv.TextGrid,19,0.13442734884961283,1577.0727028890713,1577.2071302379209
Stepankova_Czech_Prague_G2_conv.TextGrid,19,0.13425563005557706,1577.2071302379209,1577.3413858679764
Stepankova_Czech_Prague_G2_conv.TextGrid,19,0.08254310894290029,1577.3413858679764,1577.4239289769193
Stepankova_Czech_Prague_G2_conv.TextGrid,19,0.14530094521251158,1577.4239289769193,1577.5692299221319
Stepankova_Czech_Prague_G2_conv.TextGrid,19,0.16254135349254284,1577.5692299221319,1577.7317712756244
Stepankova_Czech_Prague_G2_conv.TextGrid,19,0.18592096609086184,1577.7317712756244,1577.9176922417153
Stepankova_Czech_Prague_G2_conv.TextGrid,19,0.12584170193917998,1577.9176922417153,1578.0435339436544
Stepankova_Czech_Prague_G2_conv.TextGrid,19,0.13071299362718491,1578.0435339436544,1578.1742469372816
Stepankova_Czech_Prague_G2_conv.TextGrid,19,0.16887144518295827,1578.1742469372816,1578.3431183824646
Stepankova_Czech_Prague_G2_conv.TextGrid,19,0.06982184752769172,1578.3431183824646,1578.4129402299923
Stepankova_Czech_Prague_G2_conv.TextGrid,19,0.12052038545743926,1578.4129402299923,1578.5334606154497
Stepankova_Czech_Prague_G2_conv.TextGrid,19,0.16067710087213527,1578.5334606154497,1578.6941377163218
Stepankova_Czech_Prague_G2_conv.TextGrid,19,0.21261321999327265,1578.6941377163218,1578.9067509363151
Stepankova_Czech_Prague_G2_conv.TextGrid,19,0.05217980124393762,1578.9067509363151,1578.958930737559
Stepankova_Czech_Prague_G2_conv.TextGrid,19,0.1880733002199122,1578.958930737559,1579.147004037779
Stepankova_Czech_Prague_G2_conv.TextGrid,19,0.10981122351313388,1579.147004037779,1579.256815261292
Stepankova_Czech_Prague_G2_conv.TextGrid,19,0.060746634283759704,1579.256815261292,1579.3175618955759
Stepankova_Czech_Prague_G2_conv.TextGrid,19,0.13418810442408358,1579.3175618955759,1579.45175
Stepankova_Czech_Prague_G2_conv.TextGrid,20,0.16657867344906663,1583.9659332579859,1584.132511931435
Stepankova_Czech_Prague_G2_conv.TextGrid,20,0.1616321092144517,1584.132511931435,1584.2941440406494
Stepankova_Czech_Prague_G2_conv.TextGrid,20,0.16937643544179082,1584.2941440406494,1584.4635204760912
Stepankova_Czech_Prague_G2_conv.TextGrid,20,0.15716034784009025,1584.4635204760912,1584.6206808239313
Stepankova_Czech_Prague_G2_conv.TextGrid,20,0.13670581183123431,1584.6206808239313,1584.7573866357625
Stepankova_Czech_Prague_G2_conv.TextGrid,20,0.10104342613590234,1584.7573866357625,1584.8584300618984
Stepankova_Czech_Prague_G2_conv.TextGrid,20,0.18187816704494253,1584.8584300618984,1585.0403082289433
Stepankova_Czech_Prague_G2_conv.TextGrid,20,0.16156110761448872,1585.0403082289433,1585.2018693365578
Stepankova_Czech_Prague_G2_conv.TextGrid,20,0.22467302987888615,1585.2018693365578,1585.4265423664367
Stepankova_Czech_Prague_G2_conv.TextGrid,20,0.15929198943808842,1585.4265423664367,1585.5858343558748
Stepankova_Czech_Prague_G2_conv.TextGrid,20,0.7584200691148908,1585.5858343558748,1586.3442544249897
Stepankova_Czech_Prague_G2_conv.TextGrid,20,0.0881616519891395,1586.3442544249897,1586.4324160769788
Stepankova_Czech_Prague_G2_conv.TextGrid,20,0.1230463439999312,1586.4324160769788,1586.5554624209788
Stepankova_Czech_Prague_G2_conv.TextGrid,20,0.2978078180869943,1586.5554624209788,1586.8532702390658
Stepankova_Czech_Prague_G2_conv.TextGrid,20,0.2639254914784033,1586.8532702390658,1587.1171957305442
Stepankova_Czech_Prague_G2_conv.TextGrid,20,0.22239872233694769,1587.1171957305442,1587.339594452881
Stepankova_Czech_Prague_G2_conv.TextGrid,20,0.25857565043497743,1587.339594452881,1587.598170103316
Stepankova_Czech_Prague_G2_conv.TextGrid,20,0.2621422111303673,1587.598170103316,1587.8603123144464
Stepankova_Czech_Prague_G2_conv.TextGrid,20,0.12053351111399024,1587.8603123144464,1587.9808458255604
Stepankova_Czech_Prague_G2_conv.TextGrid,20,0.12215470382625426,1587.9808458255604,1588.1030005293867
Stepankova_Czech_Prague_G2_conv.TextGrid,20,0.23717628626081932,1588.1030005293867,1588.3401768156475
Stepankova_Czech_Prague_G2_conv.TextGrid,20,0.10253862000013214,1588.3401768156475,1588.4427154356476
Stepankova_Czech_Prague_G2_conv.TextGrid,20,0.1390958671304361,1588.4427154356476,1588.581811302778
Stepankova_Czech_Prague_G2_conv.TextGrid,20,0.09938980751076087,1588.581811302778,1588.6812011102888
Stepankova_Czech_Prague_G2_conv.TextGrid,20,0.11680486278260105,1588.6812011102888,1588.7980059730714
Stepankova_Czech_Prague_G2_conv.TextGrid,20,0.07489777460864389,1588.7980059730714,1588.87290374768
Stepankova_Czech_Prague_G2_conv.TextGrid,20,0.1444457081740893,1588.87290374768,1589.0173494558542
Stepankova_Czech_Prague_G2_conv.TextGrid,20,0.15247046973922807,1589.0173494558542,1589.1698199255934
Stepankova_Czech_Prague_G2_conv.TextGrid,20,0.5282500165758393,1589.1698199255934,1589.6980699421692
Stepankova_Czech_Prague_G2_sing.TextGrid,20,0.2566397065829733,1300.2299843046808,1300.4866240112638
Stepankova_Czech_Prague_G2_sing.TextGrid,20,0.252535727885288,1300.4866240112638,1300.739159739149
Stepankova_Czech_Prague_G2_sing.TextGrid,20,0.2635330044204238,1300.739159739149,1301.0026927435695
Stepankova_Czech_Prague_G2_sing.TextGrid,20,0.2635330044204238,1301.0026927435695,1301.26622574799
Stepankova_Czech_Prague_G2_sing.TextGrid,20,0.2780192510692814,1301.26622574799,1301.5442449990592
Stepankova_Czech_Prague_G2_sing.TextGrid,20,0.18529664373295418,1301.5442449990592,1301.7295416427921
Stepankova_Czech_Prague_G2_sing.TextGrid,20,0.2278462434053381,1301.7295416427921,1301.9573878861975
Stepankova_Czech_Prague_G2_sing.TextGrid,20,0.27724205317622364,1301.9573878861975,1302.2346299393737
Stepankova_Czech_Prague_G2_sing.TextGrid,20,0.18255150827030775,1302.2346299393737,1302.417181447644
Stepankova_Czech_Prague_G2_sing.TextGrid,20,0.27722542461833655,1302.417181447644,1302.6944068722623
Stepankova_Czech_Prague_G2_sing.TextGrid,20,0.2511798948382875,1302.6944068722623,1302.9455867671006
Stepankova_Czech_Prague_G2_sing.TextGrid,20,0.15921785683735834,1302.9455867671006,1303.104804623938
Stepankova_Czech_Prague_G2_sing.TextGrid,20,0.29098435904757025,1303.104804623938,1303.3957889829856
Stepankova_Czech_Prague_G2_sing.TextGrid,20,0.7346485170141932,1303.3957889829856,1304.1304374999997
Stepankova_Czech_Prague_G2_sing.TextGrid,11,0.3063330697650599,1307.5204933942655,1307.8268264640305
Stepankova_Czech_Prague_G2_sing.TextGrid,11,0.1623907786718064,1307.8268264640305,1307.9892172427024
Stepankova_Czech_Prague_G2_sing.TextGrid,11,0.23180779252083994,1307.9892172427024,1308.2210250352232
Stepankova_Czech_Prague_G2_sing.TextGrid,11,0.19814461914825188,1308.2210250352232,1308.4191696543714
Stepankova_Czech_Prague_G2_sing.TextGrid,11,0.1712555428136966,1308.4191696543714,1308.5904251971851
Stepankova_Czech_Prague_G2_sing.TextGrid,11,0.19231667914004902,1308.5904251971851,1308.7827418763252
Stepankova_Czech_Prague_G2_sing.TextGrid,11,0.2708491049454551,1308.7827418763252,1309.0535909812706
Stepankova_Czech_Prague_G2_sing.TextGrid,11,0.1606764581056268,1309.0535909812706,1309.2142674393763
Stepankova_Czech_Prague_G2_sing.TextGrid,11,0.17987077444718125,1309.2142674393763,1309.3941382138235
Stepankova_Czech_Prague_G2_sing.TextGrid,11,0.1866060250956707,1309.3941382138235,1309.5807442389191
Stepankova_Czech_Prague_G2_sing.TextGrid,11,0.12411721278863297,1309.5807442389191,1309.7048614517078
Stepankova_Czech_Prague_G2_sing.TextGrid,11,0.18042854496593463,1309.7048614517078,1309.8852899966737
Stepankova_Czech_Prague_G2_sing.TextGrid,11,0.2680242219958018,1309.8852899966737,1310.1533142186695
Stepankova_Czech_Prague_G2_sing.TextGrid,11,0.19032639806982843,1310.1533142186695,1310.3436406167393
Stepankova_Czech_Prague_G2_sing.TextGrid,11,0.1439648395655695,1310.3436406167393,1310.487605456305
Stepankova_Czech_Prague_G2_sing.TextGrid,11,0.25986873582610315,1310.487605456305,1310.747474192131
Stepankova_Czech_Prague_G2_sing.TextGrid,11,0.6536716412022088,1310.747474192131,1311.4011458333332
Stepankova_Czech_Prague_G2_sing.TextGrid,12,0.2467869796935247,1311.991510058621,1312.2382970383146
Stepankova_Czech_Prague_G2_sing.TextGrid,12,0.18072705815279733,1312.2382970383146,1312.4190240964674
Stepankova_Czech_Prague_G2_sing.TextGrid,12,0.24779172319267673,1312.4190240964674,1312.66681581966
Stepankova_Czech_Prague_G2_sing.TextGrid,12,0.22468561096025041,1312.66681581966,1312.8915014306203
Stepankova_Czech_Prague_G2_sing.TextGrid,12,0.23394924304147935,1312.8915014306203,1313.1254506736618
Stepankova_Czech_Prague_G2_sing.TextGrid,12,0.17452914356499605,1313.1254506736618,1313.2999798172268
Stepankova_Czech_Prague_G2_sing.TextGrid,12,0.2998555190656589,1313.2999798172268,1313.5998353362925
Stepankova_Czech_Prague_G2_sing.TextGrid,12,0.562864385364719,1313.5998353362925,1314.1626997216572
Stepankova_Czech_Prague_G2_sing.TextGrid,12,0.2206560175948198,1314.1626997216572,1314.383355739252
Stepankova_Czech_Prague_G2_sing.TextGrid,12,0.2295741339896722,1314.383355739252,1314.6129298732417
Stepankova_Czech_Prague_G2_sing.TextGrid,12,0.1505070814098417,1314.6129298732417,1314.7634369546515
Stepankova_Czech_Prague_G2_sing.TextGrid,12,0.1618791970440725,1314.7634369546515,1314.9253161516956
Stepankova_Czech_Prague_G2_sing.TextGrid,12,0.3119853615758075,1314.9253161516956,1315.2373015132714
Stepankova_Czech_Prague_G2_sing.TextGrid,12,0.22632295228027033,1315.2373015132714,1315.4636244655517
Stepankova_Czech_Prague_G2_sing.TextGrid,12,0.3051177592772092,1315.4636244655517,1315.7687422248289
Stepankova_Czech_Prague_G2_sing.TextGrid,12,0.4993727957298688,1315.7687422248289,1316.2681150205588
Stepankova_Czech_Prague_G2_sing.TextGrid,12,0.22647691407087223,1316.2681150205588,1316.4945919346296
Stepankova_Czech_Prague_G2_sing.TextGrid,12,0.3276827382587726,1316.4945919346296,1316.8222746728884
Stepankova_Czech_Prague_G2_sing.TextGrid,12,0.5645169937781702,1316.8222746728884,1317.3867916666666
Stepankova_Czech_Prague_G2_sing.TextGrid,13,0.3981322138872656,1317.7520242369671,1318.1501564508544
Stepankova_Czech_Prague_G2_sing.TextGrid,13,0.25608673620718037,1318.1501564508544,1318.4062431870616
Stepankova_Czech_Prague_G2_sing.TextGrid,13,0.2712783222534654,1318.4062431870616,1318.677521509315
Stepankova_Czech_Prague_G2_sing.TextGrid,13,0.2538860663844389,1318.677521509315,1318.9314075756995
Stepankova_Czech_Prague_G2_sing.TextGrid,13,0.25825696278525356,1318.9314075756995,1319.1896645384847
Stepankova_Czech_Prague_G2_sing.TextGrid,13,0.156256313618087,1319.1896645384847,1319.3459208521028
Stepankova_Czech_Prague_G2_sing.TextGrid,13,0.31793819368112963,1319.3459208521028,1319.663859045784
Stepankova_Czech_Prague_G2_sing.TextGrid,13,0.7911751128308424,1319.663859045784,1320.4550341586148
Stepankova_Czech_Prague_G2_sing.TextGrid,13,0.4223937254464545,1320.4550341586148,1320.8774278840613
Stepankova_Czech_Prague_G2_sing.TextGrid,13,0.27668817195376505,1320.8774278840613,1321.154116056015
Stepankova_Czech_Prague_G2_sing.TextGrid,13,0.24198026345015933,1321.154116056015,1321.3960963194652
Stepankova_Czech_Prague_G2_sing.TextGrid,13,0.24979951386808352,1321.3960963194652,1321.6458958333333
Stepankova_Czech_Prague_G2_sing.TextGrid,13,0.21864036235615458,1321.6458958333333,1321.8645361956894
Stepankova_Czech_Prague_G2_sing.TextGrid,13,0.3689385182647129,1321.8645361956894,1322.2334747139541
Stepankova_Czech_Prague_G2_sing.TextGrid,13,1.1662544527123373,1322.2334747139541,1323.3997291666665
Stepankova_Czech_Prague_G2_sing.TextGrid,14,0.15779801667690663,1323.9255637098165,1324.0833617264934
Stepankova_Czech_Prague_G2_sing.TextGrid,14,0.32878932657126825,1324.0833617264934,1324.4121510530647
Stepankova_Czech_Prague_G2_sing.TextGrid,14,0.29699197656009346,1324.4121510530647,1324.7091430296248
Stepankova_Czech_Prague_G2_sing.TextGrid,14,0.24956125360313308,1324.7091430296248,1324.958704283228
Stepankova_Czech_Prague_G2_sing.TextGrid,14,0.13021359468166338,1324.958704283228,1325.0889178779096
Stepankova_Czech_Prague_G2_sing.TextGrid,14,0.09874530930028413,1325.0889178779096,1325.1876631872099
Stepankova_Czech_Prague_G2_sing.TextGrid,14,0.40583237009127515,1325.1876631872099,1325.5934955573011
Stepankova_Czech_Prague_G2_sing.TextGrid,14,0.531985341089694,1325.5934955573011,1326.1254808983908
Stepankova_Czech_Prague_G2_sing.TextGrid,14,0.10715262102257839,1326.1254808983908,1326.2326335194134
Stepankova_Czech_Prague_G2_sing.TextGrid,14,0.10373608103623155,1326.2326335194134,1326.3363696004496
Stepankova_Czech_Prague_G2_sing.TextGrid,14,0.3866526656802307,1326.3363696004496,1326.7230222661299
Stepankova_Czech_Prague_G2_sing.TextGrid,14,0.32533351301640323,1326.7230222661299,1327.0483557791463
Stepankova_Czech_Prague_G2_sing.TextGrid,14,0.19477407497242893,1327.0483557791463,1327.2431298541187
Stepankova_Czech_Prague_G2_sing.TextGrid,14,0.25148140857254475,1327.2431298541187,1327.4946112626913
Stepankova_Czech_Prague_G2_sing.TextGrid,14,0.2593402025904652,1327.4946112626913,1327.7539514652817
Stepankova_Czech_Prague_G2_sing.TextGrid,14,1.095944368051505,1327.7539514652817,1328.8498958333332
Stepankova_Czech_Prague_G2_sing.TextGrid,15,0.19878796969669565,1329.6284423668978,1329.8272303365945
Stepankova_Czech_Prague_G2_sing.TextGrid,15,0.29750058404874835,1329.8272303365945,1330.1247309206433
Stepankova_Czech_Prague_G2_sing.TextGrid,15,0.2622383133893891,1330.1247309206433,1330.3869692340327
Stepankova_Czech_Prague_G2_sing.TextGrid,15,0.6863520490169321,1330.3869692340327,1331.0733212830496
Stepankova_Czech_Prague_G2_sing.TextGrid,15,0.18048415537759865,1331.6446974047672,1331.8251815601448
Stepankova_Czech_Prague_G2_sing.TextGrid,15,0.23712546552133063,1331.8251815601448,1332.062307025666
Stepankova_Czech_Prague_G2_sing.TextGrid,15,0.3958609281144163,1332.062307025666,1332.4581679537805
Stepankova_Czech_Prague_G2_sing.TextGrid,16,0.440589838606229,1333.0004166666665,1333.4410065052728
Stepankova_Czech_Prague_G2_sing.TextGrid,16,0.17058307144543505,1333.4410065052728,1333.6115895767182
Stepankova_Czech_Prague_G2_sing.TextGrid,16,0.27293291431260513,1333.6115895767182,1333.8845224910308
Stepankova_Czech_Prague_G2_sing.TextGrid,16,0.9312691756356344,1333.8845224910308,1334.8157916666664
Stepankova_Czech_Prague_G2_sing.TextGrid,16,0.32521149594163035,1334.8157916666664,1335.141003162608
Stepankova_Czech_Prague_G2_sing.TextGrid,16,0.636101004058446,1335.141003162608,1335.7771041666665
Stepankova_Czech_Prague_G2_sing.TextGrid,17,0.20739478218843033,1336.1666338796736,1336.374028661862
Stepankova_Czech_Prague_G2_sing.TextGrid,17,0.3027849518155108,1336.374028661862,1336.6768136136775
Stepankova_Czech_Prague_G2_sing.TextGrid,17,0.2942557982435119,1336.6768136136775,1336.971069411921
Stepankova_Czech_Prague_G2_sing.TextGrid,17,0.8154305880789252,1336.971069411921,1337.7865
Stepankova_Czech_Prague_G2_sing.TextGrid,17,0.22710416666654965,1337.7865,1338.0136041666665
Stepankova_Czech_Prague_G2_sing.TextGrid,17,0.23832653133695203,1338.0136041666665,1338.2519306980034
Stepankova_Czech_Prague_G2_sing.TextGrid,17,0.5750276353296613,1338.2519306980034,1338.826958333333
Stepankova_Czech_Prague_G2_sing.TextGrid,18,0.23786378114527906,1339.023819096294,1339.2616828774392
Stepankova_Czech_Prague_G2_sing.TextGrid,18,0.307049528601965,1339.2616828774392,1339.5687324060411
Stepankova_Czech_Prague_G2_sing.TextGrid,18,0.21322883930679382,1339.5687324060411,1339.781961245348
Stepankova_Czech_Prague_G2_sing.TextGrid,18,0.5641845879852099,1339.781961245348,1340.3461458333331
Stepankova_Czech_Prague_G2_sing.TextGrid,18,0.594827778965282,1340.3461458333331,1340.9409736122984
Stepankova_Czech_Prague_G2_sing.TextGrid,18,0.12367272679807684,1340.9409736122984,1341.0646463390965
Stepankova_Czech_Prague_G2_sing.TextGrid,18,0.14499561072852885,1341.0646463390965,1341.209641949825
Stepankova_Czech_Prague_G2_sing.TextGrid,18,0.6209205501747874,1341.209641949825,1341.8305624999998
Stepankova_Czech_Prague_G2_sing.TextGrid,19,0.3158526415866163,1344.9435498757919,1345.2594025173785
Stepankova_Czech_Prague_G2_sing.TextGrid,19,0.21557468385140055,1345.2594025173785,1345.4749772012299
Stepankova_Czech_Prague_G2_sing.TextGrid,19,0.2865723342217734,1345.4749772012299,1345.7615495354516
Stepankova_Czech_Prague_G2_sing.TextGrid,19,0.23751941214777617,1345.7615495354516,1345.9990689475994
Stepankova_Czech_Prague_G2_sing.TextGrid,19,0.15361309807394719,1345.9990689475994,1346.1526820456734
Stepankova_Czech_Prague_G2_sing.TextGrid,19,0.24713225652044457,1346.1526820456734,1346.3998143021938
Stepankova_Czech_Prague_G2_sing.TextGrid,19,0.2723728041476079,1346.3998143021938,1346.6721871063414
Stepankova_Czech_Prague_G2_sing.TextGrid,19,0.2749002525929427,1346.6721871063414,1346.9470873589344
Stepankova_Czech_Prague_G2_sing.TextGrid,19,0.20266602014794444,1346.9470873589344,1347.1497533790823
Stepankova_Czech_Prague_G2_sing.TextGrid,19,0.26591847229587984,1347.1497533790823,1347.4156718513782
Stepankova_Czech_Prague_G2_sing.TextGrid,19,0.22331988207383802,1347.4156718513782,1347.638991733452
Stepankova_Czech_Prague_G2_sing.TextGrid,19,0.18675112405730943,1347.638991733452,1347.8257428575093
Stepankova_Czech_Prague_G2_sing.TextGrid,19,0.3162622607403591,1347.8257428575093,1348.1420051182497
Stepankova_Czech_Prague_G2_sing.TextGrid,19,0.22331988207361064,1348.1420051182497,1348.3653250003233
Stepankova_Czech_Prague_G2_sing.TextGrid,19,0.12650490429609818,1348.3653250003233,1348.4918299046194
Stepankova_Czech_Prague_G2_sing.TextGrid,19,0.360151717332883,1348.4918299046194,1348.8519816219523
Stepankova_Czech_Prague_G2_sing.TextGrid,19,0.805983117519645,1348.8519816219523,1349.657964739472
Stepankova_Czech_Prague_G2_sing.TextGrid,20,0.27684925543758254,1350.0206659625755,1350.2975152180131
Stepankova_Czech_Prague_G2_sing.TextGrid,20,0.1982274577096632,1350.2975152180131,1350.4957426757228
Stepankova_Czech_Prague_G2_sing.TextGrid,20,0.2508542163936909,1350.4957426757228,1350.7465968921165
Stepankova_Czech_Prague_G2_sing.TextGrid,20,0.22103238647264334,1350.7465968921165,1350.9676292785891
Stepankova_Czech_Prague_G2_sing.TextGrid,20,0.20349013357827062,1350.9676292785891,1351.1711194121674
Stepankova_Czech_Prague_G2_sing.TextGrid,20,0.12981267142049546,1351.1711194121674,1351.300932083588
Stepankova_Czech_Prague_G2_sing.TextGrid,20,0.3964549154193264,1351.300932083588,1351.6973869990072
Stepankova_Czech_Prague_G2_sing.TextGrid,20,0.2998516789982659,1351.6973869990072,1351.9972386780055
Stepankova_Czech_Prague_G2_sing.TextGrid,20,0.28243027160397105,1351.9972386780055,1352.2796689496095
Stepankova_Czech_Prague_G2_sing.TextGrid,20,0.2596253428409909,1352.2796689496095,1352.5392942924504
Stepankova_Czech_Prague_G2_sing.TextGrid,20,0.1192873196837354,1352.5392942924504,1352.6585816121342
Stepankova_Czech_Prague_G2_sing.TextGrid,20,0.18594788068344315,1352.6585816121342,1352.8445294928176
Stepankova_Czech_Prague_G2_sing.TextGrid,20,0.2526084416831509,1352.8445294928176,1353.0971379345008
Stepankova_Czech_Prague_G2_sing.TextGrid,20,0.270150694577751,1353.0971379345008,1353.3672886290785
Stepankova_Czech_Prague_G2_sing.TextGrid,20,0.2933042309441589,1353.3672886290785,1353.6605928600227
Stepankova_Czech_Prague_G2_sing.TextGrid,20,0.5113406512975871,1353.6605928600227,1354.1719335113203
Stepankova_Czech_Prague_G2_sing.TextGrid,20,0.29132072074639837,1354.1719335113203,1354.4632542320667
Stepankova_Czech_Prague_G2_sing.TextGrid,20,0.13549800964938186,1354.4632542320667,1354.598752241716
Stepankova_Czech_Prague_G2_sing.TextGrid,20,0.6161227582838364,1354.598752241716,1355.214875
Stepankova_Czech_Prague_G2_sing.TextGrid,11,0.53289173196913,1355.214875,1355.747766731969
Stepankova_Czech_Prague_G2_sing.TextGrid,11,0.18123957024454285,1355.747766731969,1355.9290063022136
Stepankova_Czech_Prague_G2_sing.TextGrid,11,0.29032565455963777,1355.9290063022136,1356.2193319567732
Stepankova_Czech_Prague_G2_sing.TextGrid,11,0.1985610832700786,1356.2193319567732,1356.4178930400433
Stepankova_Czech_Prague_G2_sing.TextGrid,11,0.24895545363256133,1356.4178930400433,1356.6668484936758
Stepankova_Czech_Prague_G2_sing.TextGrid,11,0.17796725098378374,1356.6668484936758,1356.8448157446596
Stepankova_Czech_Prague_G2_sing.TextGrid,11,0.28082175169765833,1356.8448157446596,1357.1256374963573
Stepankova_Czech_Prague_G2_sing.TextGrid,11,0.49287025814055596,1357.1256374963573,1357.6185077544978
Stepankova_Czech_Prague_G2_sing.TextGrid,11,0.3081760815716734,1357.6185077544978,1357.9266838360695
Stepankova_Czech_Prague_G2_sing.TextGrid,11,0.21011840286610095,1357.9266838360695,1358.1368022389356
Stepankova_Czech_Prague_G2_sing.TextGrid,11,0.2200766210112306,1358.1368022389356,1358.3568788599468
Stepankova_Czech_Prague_G2_sing.TextGrid,11,0.1704678173487082,1358.3568788599468,1358.5273466772956
Stepankova_Czech_Prague_G2_sing.TextGrid,11,0.19219361020441283,1358.5273466772956,1358.7195402875
Stepankova_Czech_Prague_G2_sing.TextGrid,11,0.33702995427029236,1358.7195402875,1359.0565702417703
Stepankova_Czech_Prague_G2_sing.TextGrid,11,0.6211329183720409,1359.0565702417703,1359.6777031601423
Stepankova_Czech_Prague_G2_sing.TextGrid,12,0.19322286934675503,1360.3149880947408,1360.5082109640875
Stepankova_Czech_Prague_G2_sing.TextGrid,12,0.2452401825871675,1360.5082109640875,1360.7534511466747
Stepankova_Czech_Prague_G2_sing.TextGrid,12,0.3047200776175032,1360.7534511466747,1361.0581712242922
Stepankova_Czech_Prague_G2_sing.TextGrid,12,0.27355252515258144,1361.0581712242922,1361.3317237494448
Stepankova_Czech_Prague_G2_sing.TextGrid,12,0.1445818986892391,1361.3317237494448,1361.476305648134
Stepankova_Czech_Prague_G2_sing.TextGrid,12,0.1583080283119216,1361.476305648134,1361.634613676446
Stepankova_Czech_Prague_G2_sing.TextGrid,12,0.33303242018268975,1361.634613676446,1361.9676460966286
Stepankova_Czech_Prague_G2_sing.TextGrid,12,0.6039497033862062,1361.9676460966286,1362.5715958000148
Stepankova_Czech_Prague_G2_sing.TextGrid,12,0.13055826025492934,1362.5715958000148,1362.7021540602698
Stepankova_Czech_Prague_G2_sing.TextGrid,12,0.08693215427524592,1362.7021540602698,1362.789086214545
Stepankova_Czech_Prague_G2_sing.TextGrid,12,0.3532190689500112,1362.789086214545,1363.142305283495
Stepankova_Czech_Prague_G2_sing.TextGrid,12,0.23059897765665482,1363.142305283495,1363.3729042611517
Stepankova_Czech_Prague_G2_sing.TextGrid,12,0.24817293334763235,1363.3729042611517,1363.6210771944993
Stepankova_Czech_Prague_G2_sing.TextGrid,12,0.1967411912546595,1363.6210771944993,1363.817818385754
Stepankova_Czech_Prague_G2_sing.TextGrid,12,0.3211914331643584,1363.817818385754,1364.1390098189183
Stepankova_Czech_Prague_G2_sing.TextGrid,12,0.7644629319865999,1364.1390098189183,1364.903472750905
Stepankova_Czech_Prague_G2_sing.TextGrid,13,0.30740135311521044,1365.5394667980263,1365.8468681511415
Stepankova_Czech_Prague_G2_sing.TextGrid,13,0.2686997439100196,1365.8468681511415,1366.1155678950515
Stepankova_Czech_Prague_G2_sing.TextGrid,13,0.3838982024772122,1366.1155678950515,1366.4994660975287
Stepankova_Czech_Prague_G2_sing.TextGrid,13,0.611485425441515,1366.4994660975287,1367.1109515229703
Stepankova_Czech_Prague_G2_sing.TextGrid,13,0.22115205260092807,1367.8467291258671,1368.067881178468
Stepankova_Czech_Prague_G2_sing.TextGrid,13,0.22336357312678956,1368.067881178468,1368.2912447515948
Stepankova_Czech_Prague_G2_sing.TextGrid,13,0.7551871557348022,1368.2912447515948,1369.0464319073296
Stepankova_Czech_Prague_G2_sing.TextGrid,14,0.2260881899069318,1369.3777765247173,1369.6038647146243
Stepankova_Czech_Prague_G2_sing.TextGrid,14,0.23732238567845343,1369.6038647146243,1369.8411871003027
Stepankova_Czech_Prague_G2_sing.TextGrid,14,0.28750113882892947,1369.8411871003027,1370.1286882391316
Stepankova_Czech_Prague_G2_sing.TextGrid,14,0.6132607372699113,1370.1286882391316,1370.7419489764015
Stepankova_Czech_Prague_G2_sing.TextGrid,14,0.35641244936778094,1371.462212550632,1371.8186249999999
Stepankova_Czech_Prague_G2_sing.TextGrid,14,0.74868749999996,1371.8186249999999,1372.5673124999998
Stepankova_Czech_Prague_G2_sing.TextGrid,15,0.28257013870847913,1372.9632857238153,1373.2458558625237
Stepankova_Czech_Prague_G2_sing.TextGrid,15,0.2401309346216749,1373.2458558625237,1373.4859867971454
Stepankova_Czech_Prague_G2_sing.TextGrid,15,0.31736603055242085,1373.4859867971454,1373.8033528276978
Stepankova_Czech_Prague_G2_sing.TextGrid,15,0.5431055056353671,1373.8033528276978,1374.3464583333332
Stepankova_Czech_Prague_G2_sing.TextGrid,15,0.2403768328103979,1375.0632338406708,1375.3036106734812
Stepankova_Czech_Prague_G2_sing.TextGrid,15,0.24996085592169948,1375.3036106734812,1375.553571529403
Stepankova_Czech_Prague_G2_sing.TextGrid,15,0.6628175505343279,1375.553571529403,1376.2163890799372
Stepankova_Czech_Prague_G2_sing.TextGrid,16,0.27768851463406463,1376.4792499999999,1376.756938514634
Stepankova_Czech_Prague_G2_sing.TextGrid,16,0.2682164240509337,1376.756938514634,1377.0251549386849
Stepankova_Czech_Prague_G2_sing.TextGrid,16,0.26962069852243076,1377.0251549386849,1377.2947756372073
Stepankova_Czech_Prague_G2_sing.TextGrid,16,0.5075650240873983,1377.2947756372073,1377.8023406612947
Stepankova_Czech_Prague_G2_sing.TextGrid,16,0.6080508461470799,1378.479136798664,1379.0871876448111
Stepankova_Czech_Prague_G2_sing.TextGrid,16,0.2877800298319926,1379.0871876448111,1379.3749676746431
Stepankova_Czech_Prague_G2_sing.TextGrid,16,0.22889673884969852,1379.3749676746431,1379.6038644134928
Stepankova_Czech_Prague_G2_sing.TextGrid,16,0.8645701941320567,1379.6038644134928,1380.4684346076249
Stepankova_Czech_Prague_G2_sing.TextGrid,16,0.3469131954857403,1381.054834500769,1381.4017476962547
Stepankova_Czech_Prague_G2_sing.TextGrid,16,0.18967915724397244,1381.4017476962547,1381.5914268534987
Stepankova_Czech_Prague_G2_sing.TextGrid,16,0.6289361529670714,1381.5914268534987,1382.2203630064657
Stepankova_Czech_Prague_G2_sing.TextGrid,17,0.30469860620792133,1382.6987805604585,1383.0034791666665
Stepankova_Czech_Prague_G2_sing.TextGrid,17,0.3409890258997166,1383.0034791666665,1383.3444681925662
Stepankova_Czech_Prague_G2_sing.TextGrid,17,0.24679526368231564,1383.3444681925662,1383.5912634562485
Stepankova_Czech_Prague_G2_sing.TextGrid,17,0.2805905198961227,1383.5912634562485,1383.8718539761446
Stepankova_Czech_Prague_G2_sing.TextGrid,17,0.17546715279149794,1383.8718539761446,1384.0473211289361
Stepankova_Czech_Prague_G2_sing.TextGrid,17,0.3281093100979433,1384.0473211289361,1384.375430439034
Stepankova_Czech_Prague_G2_sing.TextGrid,17,0.22111714376160307,1384.375430439034,1384.5965475827957
Stepankova_Czech_Prague_G2_sing.TextGrid,17,0.3352421211868659,1384.5965475827957,1384.9317897039825
Stepankova_Czech_Prague_G2_sing.TextGrid,17,0.1868175630913811,1384.9317897039825,1385.118607267074
Stepankova_Czech_Prague_G2_sing.TextGrid,17,0.20827808380136048,1385.118607267074,1385.3268853508753
Stepankova_Czech_Prague_G2_sing.TextGrid,17,0.24536870146448564,1385.3268853508753,1385.5722540523398
Stepankova_Czech_Prague_G2_sing.TextGrid,17,0.21569768707126968,1385.5722540523398,1385.787951739411
Stepankova_Czech_Prague_G2_sing.TextGrid,17,0.3837452365928584,1385.787951739411,1386.171696976004
Stepankova_Czech_Prague_G2_sing.TextGrid,17,0.1968655860587205,1386.171696976004,1386.3685625620626
Stepankova_Czech_Prague_G2_sing.TextGrid,17,0.16576709557307368,1386.3685625620626,1386.5343296576357
Stepankova_Czech_Prague_G2_sing.TextGrid,17,0.36947961441455845,1386.5343296576357,1386.9038092720502
Stepankova_Czech_Prague_G2_sing.TextGrid,17,0.9738999839801181,1386.9038092720502,1387.8777092560304
Stepankova_Czech_Prague_G2_sing.TextGrid,18,0.3892033491604252,1388.5701438326412,1388.9593471818016
Stepankova_Czech_Prague_G2_sing.TextGrid,18,0.15330277532461878,1388.9593471818016,1389.1126499571262
Stepankova_Czech_Prague_G2_sing.TextGrid,18,0.2768273137153301,1389.1126499571262,1389.3894772708416
Stepankova_Czech_Prague_G2_sing.TextGrid,18,0.2839197392368078,1389.3894772708416,1389.6733970100784
Stepankova_Czech_Prague_G2_sing.TextGrid,18,0.23381430481140342,1389.6733970100784,1389.9072113148898
Stepankova_Czech_Prague_G2_sing.TextGrid,18,0.13565641269724438,1389.9072113148898,1390.042867727587
Stepankova_Czech_Prague_G2_sing.TextGrid,18,0.3849112848072309,1390.042867727587,1390.4277790123942
Stepankova_Czech_Prague_G2_sing.TextGrid,18,0.5101168209389471,1390.4277790123942,1390.9378958333332
Stepankova_Czech_Prague_G2_sing.TextGrid,18,0.2866285262598467,1390.9378958333332,1391.224524359593
Stepankova_Czech_Prague_G2_sing.TextGrid,18,0.2746215183867662,1391.224524359593,1391.4991458779798
Stepankova_Czech_Prague_G2_sing.TextGrid,18,0.17425783094449798,1391.4991458779798,1391.6734037089243
Stepankova_Czech_Prague_G2_sing.TextGrid,18,0.17806391648355202,1391.6734037089243,1391.8514676254078
Stepankova_Czech_Prague_G2_sing.TextGrid,18,0.2801360067078349,1391.8514676254078,1392.1316036321157
Stepankova_Czech_Prague_G2_sing.TextGrid,18,0.25366646276711435,1392.1316036321157,1392.3852700948828
Stepankova_Czech_Prague_G2_sing.TextGrid,18,0.24704907678187737,1392.3852700948828,1392.6323191716647
Stepankova_Czech_Prague_G2_sing.TextGrid,18,0.48740999500182625,1392.6323191716647,1393.1197291666665
Stepankova_Czech_Prague_G2_sing.TextGrid,18,0.2567708333333485,1393.1197291666665,1393.3764999999999
Stepankova_Czech_Prague_G2_sing.TextGrid,18,0.22010416666671517,1393.3764999999999,1393.5966041666666
Stepankova_Czech_Prague_G2_sing.TextGrid,18,0.42041666666659694,1393.5966041666666,1394.0170208333332
Stepankova_Czech_Prague_G2_sing.TextGrid,19,0.46197122880994357,1394.3769010718363,1394.8388723006462
Stepankova_Czech_Prague_G2_sing.TextGrid,19,0.1868750228575209,1394.8388723006462,1395.0257473235038
Stepankova_Czech_Prague_G2_sing.TextGrid,19,0.21467461303450364,1395.0257473235038,1395.2404219365383
Stepankova_Czech_Prague_G2_sing.TextGrid,19,0.28726243183041333,1395.2404219365383,1395.5276843683687
Stepankova_Czech_Prague_G2_sing.TextGrid,19,0.24587016096961634,1395.5276843683687,1395.7735545293383
Stepankova_Czech_Prague_G2_sing.TextGrid,19,0.22702998644649597,1395.7735545293383,1396.0005845157848
Stepankova_Czech_Prague_G2_sing.TextGrid,19,0.1837861795045228,1396.0005845157848,1396.1843706952893
Stepankova_Czech_Prague_G2_sing.TextGrid,19,0.62931680471047,1396.1843706952893,1396.8136874999998
Stepankova_Czech_Prague_G2_sing.TextGrid,19,0.3813009380241965,1396.8136874999998,1397.194988438024
Stepankova_Czech_Prague_G2_sing.TextGrid,19,0.26022387114608136,1397.194988438024,1397.45521230917
Stepankova_Czech_Prague_G2_sing.TextGrid,19,0.2895724280424474,1397.45521230917,1397.7447847372125
Stepankova_Czech_Prague_G2_sing.TextGrid,19,0.18196105275615082,1397.7447847372125,1397.9267457899687
Stepankova_Czech_Prague_G2_sing.TextGrid,19,0.18783076413569688,1397.9267457899687,1398.1145765541044
Stepankova_Czech_Prague_G2_sing.TextGrid,19,0.21130960965251688,1398.1145765541044,1398.3258861637569
Stepankova_Czech_Prague_G2_sing.TextGrid,19,1.2713013362429137,1398.3258861637569,1399.5971874999998
Stepankova_Czech_Prague_G2_sing.TextGrid,13,0.4439336902432842,1416.156049948569,1416.5999836388123
Stepankova_Czech_Prague_G2_sing.TextGrid,13,0.20914727077683892,1416.5999836388123,1416.8091309095892
Stepankova_Czech_Prague_G2_sing.TextGrid,13,0.27039754293286933,1416.8091309095892,1417.079528452522
Stepankova_Czech_Prague_G2_sing.TextGrid,13,0.27936099739486053,1417.079528452522,1417.358889449917
Stepankova_Czech_Prague_G2_sing.TextGrid,13,0.24005840552672453,1417.358889449917,1417.5989478554436
Stepankova_Czech_Prague_G2_sing.TextGrid,13,0.23006199785459103,1417.5989478554436,1417.8290098532982
Stepankova_Czech_Prague_G2_sing.TextGrid,13,0.25994017939410696,1417.8290098532982,1418.0889500326923
Stepankova_Czech_Prague_G2_sing.TextGrid,13,0.599654133974127,1418.0889500326923,1418.6886041666664
Stepankova_Czech_Prague_G2_sing.TextGrid,14,0.17488039565228064,1422.2241423931912,1422.3990227888435
Stepankova_Czech_Prague_G2_sing.TextGrid,14,0.30486340318043403,1422.3990227888435,1422.703886192024
Stepankova_Czech_Prague_G2_sing.TextGrid,14,0.2910059757630279,1422.703886192024,1422.994892167787
Stepankova_Czech_Prague_G2_sing.TextGrid,14,0.26115920901816025,1422.994892167787,1423.256051376805
Stepankova_Czech_Prague_G2_sing.TextGrid,14,0.11958319697168918,1423.256051376805,1423.3756345737768
Stepankova_Czech_Prague_G2_sing.TextGrid,14,0.13111258248659396,1423.3756345737768,1423.5067471562634
Stepankova_Czech_Prague_G2_sing.TextGrid,14,0.4082611308324431,1423.5067471562634,1423.9150082870958
Stepankova_Czech_Prague_G2_sing.TextGrid,14,0.40599171290409686,1423.9150082870958,1424.321
Stepankova_Czech_Prague_G2_sing.TextGrid,15,0.21890636910052308,1427.6284999999998,1427.8474063691003
Stepankova_Czech_Prague_G2_sing.TextGrid,15,0.2745980825948209,1427.8474063691003,1428.1220044516951
Stepankova_Czech_Prague_G2_sing.TextGrid,15,0.3160057299701293,1428.1220044516951,1428.4380101816653
Stepankova_Czech_Prague_G2_sing.TextGrid,15,0.5862451128409703,1428.4380101816653,1429.0242552945062
Stepankova_Czech_Prague_G2_sing.TextGrid,15,0.2005001872912544,1430.0282161244968,1430.228716311788
Stepankova_Czech_Prague_G2_sing.TextGrid,15,0.22665238563376988,1430.228716311788,1430.4553686974218
Stepankova_Czech_Prague_G2_sing.TextGrid,15,0.5992771359112794,1430.4553686974218,1431.054645833333
Stepankova_Czech_Prague_G2_sing.TextGrid,16,0.30292963079909896,1431.5743951833977,1431.8773248141968
Stepankova_Czech_Prague_G2_sing.TextGrid,16,0.36395142693095295,1431.8773248141968,1432.2412762411277
Stepankova_Czech_Prague_G2_sing.TextGrid,16,0.3508753277599226,1432.2412762411277,1432.5921515688876
Stepankova_Czech_Prague_G2_sing.TextGrid,16,0.9920300812684673,1432.5921515688876,1433.584181650156
Stepankova_Czech_Prague_G2_sing.TextGrid,16,0.27384158268432657,1433.584181650156,1433.8580232328404
Stepankova_Czech_Prague_G2_sing.TextGrid,16,0.8154351004927776,1433.8580232328404,1434.6734583333332
Stepankova_Czech_Prague_G2_sing.TextGrid,17,0.2389050243730253,1434.9330958425194,1435.1720008668924
Stepankova_Czech_Prague_G2_sing.TextGrid,17,0.32764117628312306,1435.1720008668924,1435.4996420431755
Stepankova_Czech_Prague_G2_sing.TextGrid,17,0.36518339439885494,1435.4996420431755,1435.8648254375744
Stepankova_Czech_Prague_G2_sing.TextGrid,17,0.8012370624255709,1435.8648254375744,1436.6660625
Stepankova_Czech_Prague_G2_sing.TextGrid,17,0.17811825935314118,1436.6660625,1436.844180759353
Stepankova_Czech_Prague_G2_sing.TextGrid,17,0.2150145219359274,1436.844180759353,1437.059195281289
Stepankova_Czech_Prague_G2_sing.TextGrid,18,0.37844906575378445,1437.6771666666666,1438.0556157324204
Stepankova_Czech_Prague_G2_sing.TextGrid,18,0.2900989581673912,1438.0556157324204,1438.3457146905878
Stepankova_Czech_Prague_G2_sing.TextGrid,18,0.23549209545353733,1438.3457146905878,1438.5812067860413
Stepankova_Czech_Prague_G2_sing.TextGrid,18,0.43712654729188216,1438.5812067860413,1439.0183333333332
